## row counts
request	140
run	1
stage	14
summary	1
telemetry	186501

## stage power / energy
stage	load	power_n	power_mean_w	power_p95_w	energy_counter_j	energy_trap_j	out_tokens	j_per_out_tok
1.0	1.0	357	1546.65	1597.3	6.14366e+07	275304	4096	14999.2
2.0	2.0	184	1515.8	1525.41	2.8928e+07	138696	4096	7062.49
4.0	4.0	94	1518.47	1527.36	1.46105e+07	70608.6	4096	3567.01
8.0	8.0	48	1525.84	1527.29	7.06234e+06	35858.4	4096	1724.2
16.0	16.0	26	1550.21	1603.45	4.14365e+06	19378.1	4096	1011.63
32.0	32.0	26	1546.82	1587.79	4.10685e+06	19335.5	4096	1002.65
64.0	64.0	25	1549.65	1598.15	4.13934e+06	18595.7	4096	1010.58
